box
8
   32.8767158296813 861.1457386821406
   32.876691486010486 301.6797309994536
   871 321.453125
   870.9999775931992 877.453126035498
   0 878.4813225352596
   0 278.0262096222443
   936 270.86047387396286
   935.9999999999999 919.6736094110204

box3d
8
   -8.499925136754298 -5 26.402053946629152
   -8.7424694921605 6.364278931822352 26.402053946629152
   8.239132508360855 6.2856534463979346 26.402053946629152
   8.583224656850293 -5 26.73228062263408
   -8.499925136754298 -5 11.402053946629152
   -8.7424694921605 6.364278931822352 11.402053946629152
   8.239132508360855 6.2856534463979346 11.402053946629152
   8.583224656850293 -5 11.732280622634079

K
   1303.7762173432313 0 469.01570330596525 0 1303.7762173432313 624.2619696108497 0 0 1

R
   0.9997270261659993 0.021271792621474266 0.009663539307960973 0.021270798926183037 -0.9997737298202374 0.00020560732695524818 0.00966572637360499 6.707885056643877e-18 0.999953285775726

light
4
   178 83.453125
   250 213.453125
   202 211.453125
   115 81.453125

light
4
   742 97.453125
   804 99.453125
   727 223.453125
   679 223.453125

shaft_2d_source
   150 400

surface
6
   659 788.453125
   293 780.453125
   0 1043.453125
   932 1068.453125
   659 788.453125
   657 872.453125
1

