box
8
   3.000021046000581 888.4531254049992
   3 269.453125
   683.997521682174 285.6074590535502
   683.9975005893548 904.1696832677892
   NaN NaN
   NaN NaN
   NaN NaN
   NaN NaN

box3d
8
   -4.865484575440129 -5 34.56948448977311
   -5.080798853694111 4.187043021008628 34.56948448977311
   5.028507501121707 4.181122667726216 34.56948448977311
   5.25078899357214 -5 34.618433176924555
   -4.865484575440129 -5 3.1694844897731116
   -5.080798853694111 4.187043021008628 3.1694844897731116
   5.028507501121707 4.181122667726216 3.1694844897731116
   5.25078899357214 -5 3.218433176924556

K
   2329.395823955566 0 344.1701074913183 0 2329.395823955566 559.5564447221657 0 0 1

R
   0.9997227375893954 0.023422170916979644 0.002418647618059005 0.02342210237110821 -0.999725663324462 0.00005666552332936582 0.002419311323884672 -4.568715943662407e-17 0.9999970734620767

light
5
   51 48.453125
   123 177.453125
   75 176.453125
   0 61.453125
   0 48.453125

light
4
   616 63.453125
   676 66.453125
   602 188.453125
   554 187.453125

shaft_angle
   0.15 2

shaft
4
   321 743.453125
   683 507.453125
   684 380.453125
   0 676.453125
0

surface
16
   4 1039.453125
   242 1115.453125
   448 1108.453125
   674 1059.453125
   683 1048.453125
   683 904.453125
   543 769.453125
   464 750.453125
   395 742.453125
   342 741.453125
   265 742.453125
   213 746.453125
   152 760.453125
   3 893.453125
   4 1039.453125
   5 1181.453125
1

