box
8
   2 811.453125
   1.9999757394465851 100.00000341110729
   654.4710079914412 116.68238454320087
   654.4709859472449 824.4270999171844
   0 812.8758898201633
   0 97.36214543635049
   686 70.18155489455586
   686 851.8010968909588

box3d
8
   -6.385777291180717 -5 19.845783278972455
   -6.690291367752389 8.844509221503468 19.845783278972455
   5.98236839654043 8.752527738616207 19.845783278972455
   6.34815528396769 -5 20.054319117673888
   -6.385777291180717 -5 -1.0542167210275437
   -6.690291367752389 8.844509221503468 -1.0542167210275437
   5.98236839654043 8.752527738616207 -1.0542167210275437
   6.34815528396769 -5 -0.8456808823261106

K
   1022.4774929734081 0 344.0421956973113 0 1022.4774929734081 561.9918573442781 0 0 1

R
   0.9997259483960218 0.021931924844703347 0.0081864996354353 0.021931189553319252 -0.9997594664080987 0.0001795888919068106 0.008188469237353016 1.6308670146952928e-17 0.9999664739237756

light
5
   1 47.453125
   51 47.453125
   125 177.453125
   77 176.453125
   1 62.453125

light
4
   617 61.453125
   679 63.453125
   601 188.453125
   555 185.453125

shaft_angle
   0.18 2

shaft
4
   418 483.453125
   685 379.453125
   685 505.453125
   451 709.453125
1

surface
21
   0 1049.453125
   102 1094.453125
   236 1113.453125
   358 1114.453125
   553 1099.453125
   684 1066.453125
   685 1048.453125
   683 905.453125
   545 770.453125
   505 756.453125
   459 748.453125
   395 743.453125
   344 742.453125
   289 742.453125
   237 745.453125
   195 749.453125
   165 757.453125
   150 763.453125
   0 893.453125
   0 1049.453125
   1 1072.453125
0

surface
6
   459 842.453125
   452 833.453125
   465 832.453125
   475 841.453125
   459 842.453125
   459 854.453125
1

surface
7
   294 784.453125
   349 792.453125
   376 779.453125
   351 768.453125
   311 773.453125
   294 784.453125
   294 794.453125
1

surface
6
   58 276.453125
   596 289.453125
   590 326.453125
   62 308.453125
   58 276.453125
   58 296.453125
1

sphere
   58 276.453125
   596 289.453125
   590 326.453125
   62 308.453125
1

